{
 "cells": [
  {
   "cell_type": "markdown",
   "id": "cfa258a2-f684-4586-af85-b351e98bcd1d",
   "metadata": {},
   "source": [
    "# Minimizing Expectation Value of a VQC"
   ]
  },
  {
   "cell_type": "markdown",
   "id": "96beb82f-5f20-4135-a31c-dd59bd331f21",
   "metadata": {},
   "source": [
    "This is a PennyLane beginner level optimization challenge. The objective of the challenge is to minimize the output of a variational quantum circuit (VQC); the VQC output is in fact the result of a fixed measurement and is controlled by a set of trainable parameters."
   ]
  },
  {
   "cell_type": "code",
   "execution_count": 1,
   "id": "aea04fbd-45b5-4002-bba3-ae60f98ca997",
   "metadata": {},
   "outputs": [],
   "source": [
    "import json\n",
    "import pennylane as qml\n",
    "import pennylane.numpy as np\n",
    "from sympy import Matrix"
   ]
  },
  {
   "cell_type": "code",
   "execution_count": 2,
   "id": "941c7a7d-9fd9-42cd-8bfd-4ac8dcde5cd9",
   "metadata": {},
   "outputs": [],
   "source": [
    "WIRES = 2\n",
    "LAYERS = 5\n",
    "NUM_PARAMETERS = LAYERS * WIRES * 3\n",
    "\n",
    "initial_params = np.random.random(NUM_PARAMETERS)"
   ]
  },
  {
   "cell_type": "markdown",
   "id": "8120b246-3f1a-4e16-b03f-7fe0004b971a",
   "metadata": {},
   "source": [
    "## Circuit"
   ]
  },
  {
   "cell_type": "markdown",
   "id": "0ed43263-628b-4a96-bf56-7ef80b505654",
   "metadata": {},
   "source": [
    "The VQC of the challenge is defined by the function `variational_circuit(params, hamiltonian)`:\n",
    "- `params` represents the set of trainable parameters, and\n",
    "- `hamiltonian` represents the unknown observable on which measurements would be done by the VQC."
   ]
  },
  {
   "cell_type": "code",
   "execution_count": 3,
   "id": "08dceff3-55ef-4f3e-a211-827d14ce4f62",
   "metadata": {},
   "outputs": [],
   "source": [
    "def variational_circuit(params, hamiltonian):\n",
    "    \"\"\"\n",
    "    This is a template variational quantum circuit containing a fixed\n",
    "    layout of gates with variable parameters. To be used as a QNode,\n",
    "    it must either be wrapped with the @qml.qnode decorator or\n",
    "    converted using the qml.QNode function.\n",
    "\n",
    "    The output of this circuit is the expectation value of a\n",
    "    Hamiltonian, somehow encoded in the hamiltonian argument\n",
    "\n",
    "    Args:\n",
    "        - params (np.ndarray): An array of optimizable parameters of\n",
    "          shape (30,)\n",
    "        - hamiltonian (np.ndarray): An array of real parameters\n",
    "          encoding the Hamiltonian whose expectation value is\n",
    "          returned.\n",
    "    \n",
    "    Returns:\n",
    "        (float): The expectation value of the Hamiltonian\n",
    "    \"\"\"\n",
    "    parameters = params.reshape((LAYERS, WIRES, 3))\n",
    "    qml.templates.StronglyEntanglingLayers(parameters, wires=range(WIRES))\n",
    "    return qml.expval(qml.Hermitian(hamiltonian, wires = [0,1]))"
   ]
  },
  {
   "cell_type": "markdown",
   "id": "adea742d-f26f-48a8-8941-cc25aae7dc69",
   "metadata": {},
   "source": [
    "The circuit has \n",
    "- 2 qubits (`WIRES = 2`),\n",
    "- 5 layers (`LAYERS = 5`), and\n",
    "- 30 parameters (`NUM_PARAMETERS = LAYERS * WIRES * 3`)\n",
    "Each layer has 3 trainable parameters per qubit, corresponding to the three rotation angles for a general rotation. This would lead to a total of 30 trainable parameters."
   ]
  },
  {
   "cell_type": "markdown",
   "id": "46e0595a-3439-4544-afee-32b8280f200f",
   "metadata": {},
   "source": [
    "The 30 parameters in `params` are rearranged in a 3-D array of dimensions (`LAYERS`$\\times$`WIRES`$\\times$`3`). PennyLane's `StronglyEntanglingLayers` applies single-qubit rotations followed by entangling operations in each layer :\n",
    "\n",
    "$$\n",
    "U_{\\text{layer}_i} = \\text{CNOT}_{0, 1} \\cdot (U_0 \\otimes U_1) \\quad \\text{where} \\quad\n",
    "U_0 = R(\\theta_{i,0}, \\phi_{i,0}, \\lambda_{i,0}),\\;\n",
    "U_1 = R(\\theta_{i,1}, \\phi_{i,1}, \\lambda_{i,1}).\n",
    "$$\n",
    "For the convenience of the reader, the general quantum mechanical rotation operator could be formulated as follows :\n",
    "$$\n",
    "R(\\theta_i, \\phi_i, \\lambda_i) = \n",
    "R_z(\\lambda_i) R_y(\\theta_i) R_z(\\phi_i) = \n",
    "\\exp\\left(-i \\frac{\\lambda_i}{2} Z\\right) \n",
    "\\exp\\left(-i \\frac{\\theta}{2} Y\\right)\n",
    "\\exp\\left(-i \\frac{\\phi_i}{2} Z\\right) \n",
    "$$"
   ]
  },
  {
   "cell_type": "markdown",
   "id": "48f61e7f-2689-4a69-9f95-6b89975d76de",
   "metadata": {},
   "source": [
    "<div style=\"border-style:solid; border-width:2px; border-color:#ff2299; padding:0.5em;\">\n",
    "\n",
    "Basically, the role of this parameterized part of the VQC is to prepare the 2-qubit states on which the expectation value of the `hamiltonian` observable would be measured. The observable `hamiltonian` would be fed as a Hermitian matrix (`ndarray`) to the function.\n",
    "\n",
    "</div>"
   ]
  },
  {
   "cell_type": "markdown",
   "id": "12bcf601-5f4e-4e8d-942a-0bac994f06c9",
   "metadata": {},
   "source": [
    "## Trainer (optimizer)"
   ]
  },
  {
   "cell_type": "markdown",
   "id": "2239620a-ab49-4dd9-b0dc-8654d0dd123d",
   "metadata": {},
   "source": [
    "The `optimize_circuit` function tries minimizing VQC output by finding the gradient direction of the VQC output as a cost function of the 30 parameters, taking a step in that direction and checking if the cost has been reduced or not. Therefor, at each step, it would rerun the VQC and takes its output to compare it with the output from the previous step.\n",
    "- initiate an instance of the VQC : `dev = qml.device('default.qubit', wires = WIRES)`, `circuit = qml.QNode(variational_circuit, dev)`\n",
    "- initiate a GradiantDescent optimizer : `opt = qml.GradientDescentOptimizer(stepsize = 0.3)`\n",
    "- at each iteration :\n",
    "  - take a step and store the previous cost : `params, prev_cost = opt.step_and_cost(circuit, params, hamiltonian)`\n",
    "  - compare the previous cost with the new cost : `cost = circuit(params, hamiltonian)`"
   ]
  },
  {
   "cell_type": "code",
   "execution_count": 4,
   "id": "3acccb12-d006-4a14-969f-d87c5a1cd3ce",
   "metadata": {},
   "outputs": [],
   "source": [
    "def optimize_circuit(params,hamiltonian):\n",
    "    \"\"\"\n",
    "    Minimize the variational circuit and return its minimum value.\n",
    "    You should create a device and convert the variational_circuit\n",
    "    function into an executable QNode.\n",
    "    Next, you should minimize the variational circuit using\n",
    "    gradient-based optimization to update the input params.\n",
    "    Return the optimized value of the QNode as a single floating-point\n",
    "    number.\n",
    "\n",
    "    Args:\n",
    "        - params (np.ndarray): Input parameters to be optimized, of\n",
    "          dimension 30\n",
    "        - hamiltonian (np.ndarray): An array of real parameters\n",
    "          encoding the Hamiltonian whose expectation value you should\n",
    "          minimize.\n",
    "    Returns:\n",
    "        float: the value of the optimized QNode\n",
    "    \"\"\"\n",
    "    dev = qml.device('default.qubit', wires = WIRES)\n",
    "    circuit = qml.QNode(variational_circuit, dev)\n",
    "    # Write your code to minimize the circuit\n",
    "    opt = qml.GradientDescentOptimizer(stepsize = 0.3)\n",
    "    max_iterations = 100\n",
    "    conv_tol = 1e-07\n",
    "\n",
    "    for n in range(max_iterations):\n",
    "        params, prev_cost = opt.step_and_cost(circuit, params, hamiltonian)\n",
    "        params = params[0]\n",
    "        cost = circuit(params, hamiltonian)\n",
    "        if np.abs(cost - prev_cost) <= conv_tol:\n",
    "            break\n",
    "    \n",
    "    return circuit(params, hamiltonian)"
   ]
  },
  {
   "cell_type": "markdown",
   "id": "ecc75177-c629-4ab4-bcec-db2f011155d5",
   "metadata": {},
   "source": [
    "<div style=\"border-style:solid; border-width:2px; border-color:#ff2299; padding:0.5em;\">\n",
    "\n",
    "It should be noted that there are optimized versions of gradient descent that address various challenges such as slow convergence, oscillations, and getting stuck in local minima. An overview of these variants could be found in [An overview of gradient descent optimization algorithms](https://arxiv.org/abs/1609.04747).\n",
    "\n",
    "- [Adagrad (Adaptive Gradient Algorithm)](https://optimization.cbe.cornell.edu/index.php?title=AdaGrad)\n",
    "- [Nesterov Accelerated Gradient (NAG)](https://mitliagkas.github.io/ift6085-2018/ift-6085-lecture-6-notes.pdf)\n",
    "- [RMSprop](https://optimization.cbe.cornell.edu/index.php?title=RMSProp)\n",
    "- [Adam (Adaptive Moment Estimation)](https://optimization.cbe.cornell.edu/index.php?title=Adam)\n",
    "\n",
    "</div>"
   ]
  },
  {
   "cell_type": "markdown",
   "id": "8485d6cc-e5e7-4400-8ec3-a0f1dfd9e53d",
   "metadata": {},
   "source": [
    "## Test run"
   ]
  },
  {
   "cell_type": "markdown",
   "id": "734af056-001d-423c-a81a-cdee1ea54126",
   "metadata": {},
   "source": [
    "Now lets test the optimizer with the following $4\\times4$ Hermitian matrices as our observables:"
   ]
  },
  {
   "cell_type": "code",
   "execution_count": 6,
   "id": "645931ca-c830-41fd-837b-87b329f224dd",
   "metadata": {},
   "outputs": [
    {
     "data": {
      "text/latex": [
       "$\\displaystyle \\left[\\begin{matrix}0.863327072347624 & 0.0167108057202516 & 0.0799144708549276 & 0.0854049026262154\\\\0.0167108057202516 & 0.823796377390614 & -0.076959471541938 & 0.0313154873328528\\\\0.0799144708549276 & -0.076959471541938 & 0.835541702101469 & -0.113459161306312\\\\0.0854049026262154 & 0.0313154873328528 & -0.113459161306312 & 0.758156886827099\\end{matrix}\\right]$"
      ],
      "text/plain": [
       "Matrix([\n",
       "[ 0.863327072347624, 0.0167108057202516, 0.0799144708549276, 0.0854049026262154],\n",
       "[0.0167108057202516,  0.823796377390614, -0.076959471541938, 0.0313154873328528],\n",
       "[0.0799144708549276, -0.076959471541938,  0.835541702101469, -0.113459161306312],\n",
       "[0.0854049026262154, 0.0313154873328528, -0.113459161306312,  0.758156886827099]])"
      ]
     },
     "metadata": {},
     "output_type": "display_data"
    },
    {
     "name": "stdout",
     "output_type": "stream",
     "text": [
      "expected_output: 0.61745341\n"
     ]
    },
    {
     "data": {
      "text/latex": [
       "$\\displaystyle \\left[\\begin{matrix}0.321588971562854 & -0.206892684382708 & 0.123667482957584 & -0.117374250172611\\\\-0.206892684382708 & 0.774734605527631 & -0.0515996636544651 & 0.0821553969625979\\\\0.123667482957584 & -0.0515996636544651 & 0.576905048708742 & 0.385336290475894\\\\-0.117374250172611 & 0.0821553969625979 & 0.385336290475894 & 0.398625665516721\\end{matrix}\\right]$"
      ],
      "text/plain": [
       "Matrix([\n",
       "[ 0.321588971562854,  -0.206892684382708,   0.123667482957584, -0.117374250172611],\n",
       "[-0.206892684382708,   0.774734605527631, -0.0515996636544651, 0.0821553969625979],\n",
       "[ 0.123667482957584, -0.0515996636544651,   0.576905048708742,  0.385336290475894],\n",
       "[-0.117374250172611,  0.0821553969625979,   0.385336290475894,  0.398625665516721]])"
      ]
     },
     "metadata": {},
     "output_type": "display_data"
    },
    {
     "name": "stdout",
     "output_type": "stream",
     "text": [
      "expected_output: 0.00246488\n"
     ]
    }
   ],
   "source": [
    "display(Matrix([[0.863327072347624, 0.0167108057202516, 0.07991447085492759, 0.0854049026262154], \n",
    "         [0.0167108057202516, 0.8237963773906136, -0.07695947154193797, 0.03131548733285282], \n",
    "         [0.07991447085492759, -0.07695947154193795, 0.8355417021014687, -0.11345916130631205], \n",
    "         [0.08540490262621539, 0.03131548733285283, -0.11345916130631205, 0.758156886827099]]))\n",
    "print(\"expected_output: 0.61745341\")\n",
    "\n",
    "display(Matrix([[0.32158897156285354, -0.20689268438270836, 0.12366748295758379, -0.11737425017261123],\n",
    "                [-0.20689268438270836, 0.7747346055276305, -0.05159966365446514, 0.08215539696259792],\n",
    "                [0.12366748295758379, -0.05159966365446514, 0.5769050487087416, 0.3853362904758938],\n",
    "                [-0.11737425017261123, 0.08215539696259792, 0.3853362904758938, 0.3986256655167206]]))\n",
    "print(\"expected_output: 0.00246488\")"
   ]
  },
  {
   "cell_type": "code",
   "execution_count": 5,
   "id": "9152485e-2623-4d83-bb79-5b67d853813f",
   "metadata": {},
   "outputs": [
    {
     "name": "stdout",
     "output_type": "stream",
     "text": [
      "Running test case 0 with input '[0.863327072347624,0.0167108057202516,0.07991447085492759,0.0854049026262154,0.0167108057202516,0.8237963773906136,-0.07695947154193797,0.03131548733285282,0.07991447085492759,-0.07695947154193795,0.8355417021014687,-0.11345916130631205,0.08540490262621539,0.03131548733285283,-0.11345916130631205,0.758156886827099]'...\n",
      "Correct!\n",
      "Running test case 1 with input '[0.32158897156285354,-0.20689268438270836,0.12366748295758379,-0.11737425017261123,-0.20689268438270836,0.7747346055276305,-0.05159966365446514,0.08215539696259792,0.12366748295758379,-0.05159966365446514,0.5769050487087416,0.3853362904758938,-0.11737425017261123,0.08215539696259792,0.3853362904758938,0.3986256655167206]'...\n",
      "Correct!\n"
     ]
    }
   ],
   "source": [
    "def run(test_case_input: str) -> str:       \n",
    "    ins = np.array(json.loads(test_case_input), requires_grad = False)\n",
    "    hamiltonian = np.array(ins,float).reshape((2 ** WIRES), (2 ** WIRES))\n",
    "    np.random.seed(1967)\n",
    "    initial_params = np.random.random(NUM_PARAMETERS)\n",
    "    out = str(optimize_circuit(initial_params, hamiltonian))    \n",
    "    return out\n",
    "\n",
    "\n",
    "def check(solution_output: str, expected_output: str) -> None:\n",
    "    solution_output = json.loads(solution_output)\n",
    "    expected_output = json.loads(expected_output)\n",
    "    assert np.isclose(solution_output, expected_output, rtol=5e-2)\n",
    "\n",
    "\n",
    "test_cases = [\n",
    "    ('[0.863327072347624,0.0167108057202516,0.07991447085492759,0.0854049026262154,0.0167108057202516,0.8237963773906136,-0.07695947154193797,0.03131548733285282,0.07991447085492759,-0.07695947154193795,0.8355417021014687,-0.11345916130631205,0.08540490262621539,0.03131548733285283,-0.11345916130631205,0.758156886827099]',\n",
    "    '0.61745341'),\n",
    "    ('[0.32158897156285354,-0.20689268438270836,0.12366748295758379,-0.11737425017261123,-0.20689268438270836,0.7747346055276305,-0.05159966365446514,0.08215539696259792,0.12366748295758379,-0.05159966365446514,0.5769050487087416,0.3853362904758938,-0.11737425017261123,0.08215539696259792,0.3853362904758938,0.3986256655167206]',\n",
    "    '0.00246488')\n",
    "]\n",
    "\n",
    "for i, (input_, expected_output) in enumerate(test_cases):\n",
    "    print(f\"Running test case {i} with input '{input_}'...\")\n",
    "    try:\n",
    "        output = run(input_)\n",
    "    except Exception as exc:\n",
    "        print(f\"Runtime Error. {exc}\")\n",
    "    else:\n",
    "        if message := check(output, expected_output):\n",
    "            print(f\"Wrong Answer. Have: '{output}'. Want: '{expected_output}'.\")\n",
    "        else:\n",
    "            print(\"Correct!\")"
   ]
  }
 ],
 "metadata": {
  "kernelspec": {
   "display_name": "Python 3 (ipykernel)",
   "language": "python",
   "name": "python3"
  },
  "language_info": {
   "codemirror_mode": {
    "name": "ipython",
    "version": 3
   },
   "file_extension": ".py",
   "mimetype": "text/x-python",
   "name": "python",
   "nbconvert_exporter": "python",
   "pygments_lexer": "ipython3",
   "version": "3.11.9"
  }
 },
 "nbformat": 4,
 "nbformat_minor": 5
}
